30.7617 0.0 66.0402 0.0 30.7617 0.0 66.0402 0.0 
30.8683 0.0 66.2879 0.0 30.8683 0.0 66.2879 0.0 
31.0253 0.0 66.6068 0.0 31.0253 0.0 66.6068 0.0 
31.1416 0.0 65.6812 0.0 31.1416 0.0 65.6812 0.0 
31.2823 0.0 67.0837 0.0 31.2823 0.0 67.0837 0.0 
31.3711 0.0 67.7705 0.0 31.3711 0.0 67.7705 0.0 
31.412 0.0 67.2961 0.0 31.412 0.0 67.2961 0.0 
31.4446 0.0 67.0225 0.0 31.4446 0.0 67.0225 0.0 
31.4792 0.0 66.6873 0.0 31.4792 0.0 66.6873 0.0 
31.4986 0.0 67.2209 0.0 31.4986 0.0 67.2209 0.0 
31.5382 0.0 67.379 0.0 31.5382 0.0 67.379 0.0 
31.6429 0.0 67.2205 0.0 31.6429 0.0 67.2205 0.0 
31.6541 0.0 64.9466 0.0 31.6541 0.0 64.9466 0.0 
31.671 0.0 65.6375 0.0 31.671 0.0 65.6375 0.0 
31.729 0.0 67.9754 0.0 31.729 0.0 67.9754 0.0 
31.7313 0.0 65.6909 0.0 31.7313 0.0 65.6909 0.0 
31.7323 0.0 67.3822 0.0 31.7323 0.0 67.3822 0.0 
31.8013 0.0 66.5495 0.0 31.8013 0.0 66.5495 0.0 
31.8048 0.0 67.7438 0.0 31.8048 0.0 67.7438 0.0 
31.8446 0.0 68.0662 0.0 31.8446 0.0 68.0662 0.0 
31.8609 0.0 67.5533 0.0 31.8609 0.0 67.5533 0.0 
31.9307 0.0 65.8262 0.0 31.9307 0.0 65.8262 0.0 
31.9747 0.0 68.0534 0.0 31.9747 0.0 68.0534 0.0 
32.0339 0.0 68.7038 0.0 32.0339 0.0 68.7038 0.0 
32.0831 0.0 67.7911 0.0 32.0831 0.0 67.7911 0.0 
32.0866 0.0 67.7965 0.0 32.0866 0.0 67.7965 0.0 
32.0908 0.0 66.7986 0.0 32.0908 0.0 66.7986 0.0 
32.1176 0.0 64.929 0.0 32.1176 0.0 64.929 0.0 
32.1407 0.0 66.5085 0.0 32.1407 0.0 66.5085 0.0 
32.2206 0.0 67.229 0.0 32.2206 0.0 67.229 0.0 
32.234 0.0 68.9458 0.0 32.234 0.0 68.9458 0.0 
32.3307 0.0 66.5311 0.0 32.3307 0.0 66.5311 0.0 
32.3551 0.0 65.2285 0.0 32.3551 0.0 65.2285 0.0 
32.4071 0.0 66.3302 0.0 32.4071 0.0 66.3302 0.0 
32.4537 0.0 66.1087 0.0 32.4537 0.0 66.1087 0.0 
32.4657 0.0 69.1155 0.0 32.4657 0.0 69.1155 0.0 
32.5189 0.0 65.7645 0.0 32.5189 0.0 65.7645 0.0 
32.5294 0.0 66.8655 0.0 32.5294 0.0 66.8655 0.0 
32.5804 0.0 67.4914 0.0 32.5804 0.0 67.4914 0.0 
32.5864 0.0 67.435 0.0 32.5864 0.0 67.435 0.0 
32.6123 0.0 68.1681 0.0 32.6123 0.0 68.1681 0.0 
32.6364 0.0 65.0261 0.0 32.6364 0.0 65.0261 0.0 
32.6584 0.0 65.538 0.0 32.6584 0.0 65.538 0.0 
32.6963 0.0 66.8173 0.0 32.6963 0.0 66.8173 0.0 
32.7143 0.0 68.526 0.0 32.7143 0.0 68.526 0.0 
32.7171 0.0 65.0132 0.0 32.7171 0.0 65.0132 0.0 
32.7269 0.0 67.637 0.0 32.7269 0.0 67.637 0.0 
32.7438 0.0 67.2065 0.0 32.7438 0.0 67.2065 0.0 
32.7686 0.0 64.7787 0.0 32.7686 0.0 64.7787 0.0 
32.7881 0.0 66.1616 0.0 32.7881 0.0 66.1616 0.0 
32.7906 0.0 68.0566 0.0 32.7906 0.0 68.0566 0.0 
32.7922 0.0 67.6281 0.0 32.7922 0.0 67.6281 0.0 
32.8308 0.0 67.8429 0.0 32.8308 0.0 67.8429 0.0 
32.8436 0.0 69.0441 0.0 32.8436 0.0 69.0441 0.0 
32.8499 0.0 67.0087 0.0 32.8499 0.0 67.0087 0.0 
32.8516 0.0 69.4464 0.0 32.8516 0.0 69.4464 0.0 
32.9117 0.0 67.5225 0.0 32.9117 0.0 67.5225 0.0 
32.9458 0.0 69.3562 0.0 32.9458 0.0 69.3562 0.0 
32.9649 0.0 66.7905 0.0 32.9649 0.0 66.7905 0.0 
32.9787 0.0 68.6887 0.0 32.9787 0.0 68.6887 0.0 
32.9851 0.0 66.6761 0.0 32.9851 0.0 66.6761 0.0 
33.0075 0.0 69.2365 0.0 33.0075 0.0 69.2365 0.0 
33.0324 0.0 64.735 0.0 33.0324 0.0 64.735 0.0 
33.0837 0.0 66.8016 0.0 33.0837 0.0 66.8016 0.0 
33.0838 0.0 66.8429 0.0 33.0838 0.0 66.8429 0.0 
33.146 0.0 67.504 0.0 33.146 0.0 67.504 0.0 
33.1514 0.0 67.5067 0.0 33.1514 0.0 67.5067 0.0 
33.1873 0.0 67.5582 0.0 33.1873 0.0 67.5582 0.0 
33.2081 0.0 69.2541 0.0 33.2081 0.0 69.2541 0.0 
33.2677 0.0 69.7992 0.0 33.2677 0.0 69.7992 0.0 
33.2951 0.0 69.8923 0.0 33.2951 0.0 69.8923 0.0 
33.344 0.0 67.3237 0.0 33.344 0.0 67.3237 0.0 
33.3507 0.0 69.4888 0.0 33.3507 0.0 69.4888 0.0 
33.3539 0.0 65.3285 0.0 33.3539 0.0 65.3285 0.0 
33.3666 0.0 68.6184 0.0 33.3666 0.0 68.6184 0.0 
33.367 0.0 68.1383 0.0 33.367 0.0 68.1383 0.0 
33.3687 0.0 69.9301 0.0 33.3687 0.0 69.9301 0.0 
33.374 0.0 68.0989 0.0 33.374 0.0 68.0989 0.0 
33.3856 0.0 66.8095 0.0 33.3856 0.0 66.8095 0.0 
33.427 0.0 69.7823 0.0 33.427 0.0 69.7823 0.0 
33.4277 0.0 67.3969 0.0 33.4277 0.0 67.3969 0.0 
33.4353 0.0 64.7704 0.0 33.4353 0.0 64.7704 0.0 
33.4371 0.0 69.0326 0.0 33.4371 0.0 69.0326 0.0 
33.4499 0.0 70.087 0.0 33.4499 0.0 70.087 0.0 
33.4525 0.0 69.8732 0.0 33.4525 0.0 69.8732 0.0 
33.4581 0.0 69.3776 0.0 33.4581 0.0 69.3776 0.0 
33.4585 0.0 69.0103 0.0 33.4585 0.0 69.0103 0.0 
33.4665 0.0 68.1914 0.0 33.4665 0.0 68.1914 0.0 
33.4689 0.0 69.8883 0.0 33.4689 0.0 69.8883 0.0 
33.4801 0.0 66.0129 0.0 33.4801 0.0 66.0129 0.0 
33.4866 0.0 67.4184 0.0 33.4866 0.0 67.4184 0.0 
33.4983 0.0 69.9799 0.0 33.4983 0.0 69.9799 0.0 
33.5112 0.0 67.5304 0.0 33.5112 0.0 67.5304 0.0 
33.5142 0.0 69.0732 0.0 33.5142 0.0 69.0732 0.0 
33.5219 0.0 67.2128 0.0 33.5219 0.0 67.2128 0.0 
33.5222 0.0 64.8209 0.0 33.5222 0.0 64.8209 0.0 
33.5454 0.0 67.9604 0.0 33.5454 0.0 67.9604 0.0 
33.5762 0.0 70.0493 0.0 33.5762 0.0 70.0493 0.0 
33.5989 0.0 67.3066 0.0 33.5989 0.0 67.3066 0.0 
33.6051 0.0 70.177 0.0 33.6051 0.0 70.177 0.0 
33.6167 0.0 64.6575 0.0 33.6167 0.0 64.6575 0.0 
33.6566 0.0 66.3886 0.0 33.6566 0.0 66.3886 0.0 
33.6598 0.0 68.1164 0.0 33.6598 0.0 68.1164 0.0 
33.6833 0.0 66.5079 0.0 33.6833 0.0 66.5079 0.0 
33.6945 0.0 66.5531 0.0 33.6945 0.0 66.5531 0.0 
33.7791 0.0 67.7507 0.0 33.7791 0.0 67.7507 0.0 
33.8083 0.0 65.121 0.0 33.8083 0.0 65.121 0.0 
33.8348 0.0 65.8289 0.0 33.8348 0.0 65.8289 0.0 
33.905 0.0 64.6604 0.0 33.905 0.0 64.6604 0.0 
33.9078 0.0 69.5712 0.0 33.9078 0.0 69.5712 0.0 
33.91 0.0 66.5814 0.0 33.91 0.0 66.5814 0.0 
33.9183 0.0 68.1999 0.0 33.9183 0.0 68.1999 0.0 
33.9297 0.0 64.8299 0.0 33.9297 0.0 64.8299 0.0 
33.9313 0.0 66.4063 0.0 33.9313 0.0 66.4063 0.0 
33.9383 0.0 66.8482 0.0 33.9383 0.0 66.8482 0.0 
33.96 0.0 68.4554 0.0 33.96 0.0 68.4554 0.0 
33.9636 0.0 69.6721 0.0 33.9636 0.0 69.6721 0.0 
33.9649 0.0 65.1972 0.0 33.9649 0.0 65.1972 0.0 
33.9755 0.0 67.1417 0.0 33.9755 0.0 67.1417 0.0 
33.977 0.0 68.068 0.0 33.977 0.0 68.068 0.0 
33.9805 0.0 67.3269 0.0 33.9805 0.0 67.3269 0.0 
34.0216 0.0 67.5264 0.0 34.0216 0.0 67.5264 0.0 
34.0262 0.0 67.4626 0.0 34.0262 0.0 67.4626 0.0 
34.0318 0.0 65.6174 0.0 34.0318 0.0 65.6174 0.0 
34.046 0.0 66.3803 0.0 34.046 0.0 66.3803 0.0 
34.087 0.0 68.11 0.0 34.087 0.0 68.11 0.0 
34.1413 0.0 69.5448 0.0 34.1413 0.0 69.5448 0.0 
34.1511 0.0 66.8671 0.0 34.1511 0.0 66.8671 0.0 
34.16 0.0 66.6304 0.0 34.16 0.0 66.6304 0.0 
34.1706 0.0 66.2509 0.0 34.1706 0.0 66.2509 0.0 
34.1825 0.0 66.6594 0.0 34.1825 0.0 66.6594 0.0 
34.1835 0.0 65.3268 0.0 34.1835 0.0 65.3268 0.0 
34.2022 0.0 66.4107 0.0 34.2022 0.0 66.4107 0.0 
34.2026 0.0 69.2308 0.0 34.2026 0.0 69.2308 0.0 
34.2037 0.0 69.1423 0.0 34.2037 0.0 69.1423 0.0 
34.2096 0.0 69.092 0.0 34.2096 0.0 69.092 0.0 
34.2133 0.0 71.0658 0.0 34.2133 0.0 71.0658 0.0 
34.2198 0.0 66.5624 0.0 34.2198 0.0 66.5624 0.0 
34.2397 0.0 70.3159 0.0 34.2397 0.0 70.3159 0.0 
34.2459 0.0 67.2218 0.0 34.2459 0.0 67.2218 0.0 
34.2772 0.0 66.1482 0.0 34.2772 0.0 66.1482 0.0 
34.2897 0.0 67.2591 0.0 34.2897 0.0 67.2591 0.0 
34.29 0.0 68.0514 0.0 34.29 0.0 68.0514 0.0 
34.3024 0.0 69.5646 0.0 34.3024 0.0 69.5646 0.0 
34.3175 0.0 69.8651 0.0 34.3175 0.0 69.8651 0.0 
34.3187 0.0 68.1506 0.0 34.3187 0.0 68.1506 0.0 
34.3227 0.0 66.0115 0.0 34.3227 0.0 66.0115 0.0 
34.3322 0.0 65.9797 0.0 34.3322 0.0 65.9797 0.0 
34.3399 0.0 69.3176 0.0 34.3399 0.0 69.3176 0.0 
34.3687 0.0 66.5597 0.0 34.3687 0.0 66.5597 0.0 
34.3755 0.0 64.7988 0.0 34.3755 0.0 64.7988 0.0 
34.3864 0.0 67.7769 0.0 34.3864 0.0 67.7769 0.0 
34.3956 0.0 68.8662 0.0 34.3956 0.0 68.8662 0.0 
34.3958 0.0 68.2611 0.0 34.3958 0.0 68.2611 0.0 
34.4012 0.0 68.1945 0.0 34.4012 0.0 68.1945 0.0 
34.4069 0.0 66.1822 0.0 34.4069 0.0 66.1822 0.0 
34.4166 0.0 70.3224 0.0 34.4166 0.0 70.3224 0.0 
34.4184 0.0 69.303 0.0 34.4184 0.0 69.303 0.0 
34.4397 0.0 65.4529 0.0 34.4397 0.0 65.4529 0.0 
34.4567 0.0 66.5531 0.0 34.4567 0.0 66.5531 0.0 
34.4626 0.0 67.0773 0.0 34.4626 0.0 67.0773 0.0 
34.4848 0.0 68.3987 0.0 34.4848 0.0 68.3987 0.0 
34.4938 0.0 69.2743 0.0 34.4938 0.0 69.2743 0.0 
34.5052 0.0 66.3243 0.0 34.5052 0.0 66.3243 0.0 
34.5069 0.0 69.2066 0.0 34.5069 0.0 69.2066 0.0 
34.5123 0.0 69.7415 0.0 34.5123 0.0 69.7415 0.0 
34.5129 0.0 69.206 0.0 34.5129 0.0 69.206 0.0 
34.5194 0.0 69.0344 0.0 34.5194 0.0 69.0344 0.0 
34.5245 0.0 68.0262 0.0 34.5245 0.0 68.0262 0.0 
34.5277 0.0 69.1309 0.0 34.5277 0.0 69.1309 0.0 
34.538 0.0 69.2351 0.0 34.538 0.0 69.2351 0.0 
34.5385 0.0 69.2419 0.0 34.5385 0.0 69.2419 0.0 
34.5563 0.0 68.2162 0.0 34.5563 0.0 68.2162 0.0 
34.5615 0.0 68.8237 0.0 34.5615 0.0 68.8237 0.0 
34.5648 0.0 68.7315 0.0 34.5648 0.0 68.7315 0.0 
34.5891 0.0 67.7965 0.0 34.5891 0.0 67.7965 0.0 
34.5894 0.0 65.4812 0.0 34.5894 0.0 65.4812 0.0 
34.5934 0.0 67.7967 0.0 34.5934 0.0 67.7967 0.0 
34.6152 0.0 66.2757 0.0 34.6152 0.0 66.2757 0.0 
34.6167 0.0 68.1249 0.0 34.6167 0.0 68.1249 0.0 
34.6353 0.0 68.0439 0.0 34.6353 0.0 68.0439 0.0 
34.6486 0.0 69.5807 0.0 34.6486 0.0 69.5807 0.0 
34.6675 0.0 64.936 0.0 34.6675 0.0 64.936 0.0 
34.6873 0.0 68.994 0.0 34.6873 0.0 68.994 0.0 
34.6875 0.0 68.0393 0.0 34.6875 0.0 68.0393 0.0 
34.6925 0.0 70.9269 0.0 34.6925 0.0 70.9269 0.0 
34.6936 0.0 66.7222 0.0 34.6936 0.0 66.7222 0.0 
34.6988 0.0 66.2795 0.0 34.6988 0.0 66.2795 0.0 
34.7056 0.0 71.071 0.0 34.7056 0.0 71.071 0.0 
34.7394 0.0 70.8814 0.0 34.7394 0.0 70.8814 0.0 
34.7427 0.0 68.637 0.0 34.7427 0.0 68.637 0.0 
34.75 0.0 69.119 0.0 34.75 0.0 69.119 0.0 
34.7621 0.0 66.2 0.0 34.7621 0.0 66.2 0.0 
34.7653 0.0 71.2014 0.0 34.7653 0.0 71.2014 0.0 
34.809 0.0 68.0237 0.0 34.809 0.0 68.0237 0.0 
34.8114 0.0 68.1843 0.0 34.8114 0.0 68.1843 0.0 
34.8127 0.0 69.6689 0.0 34.8127 0.0 69.6689 0.0 
34.818 0.0 65.9233 0.0 34.818 0.0 65.9233 0.0 
34.823 0.0 67.7821 0.0 34.823 0.0 67.7821 0.0 
34.8255 0.0 70.0842 0.0 34.8255 0.0 70.0842 0.0 
34.8404 0.0 70.5145 0.0 34.8404 0.0 70.5145 0.0 
34.8442 0.0 71.0137 0.0 34.8442 0.0 71.0137 0.0 
34.8501 0.0 69.6513 0.0 34.8501 0.0 69.6513 0.0 
34.8617 0.0 66.6929 0.0 34.8617 0.0 66.6929 0.0 
34.8721 0.0 69.1752 0.0 34.8721 0.0 69.1752 0.0 
34.8812 0.0 66.0927 0.0 34.8812 0.0 66.0927 0.0 
34.8924 0.0 67.595 0.0 34.8924 0.0 67.595 0.0 
34.8927 0.0 69.7996 0.0 34.8927 0.0 69.7996 0.0 
34.9103 0.0 68.8585 0.0 34.9103 0.0 68.8585 0.0 
34.9128 0.0 68.5972 0.0 34.9128 0.0 68.5972 0.0 
34.9168 0.0 70.0952 0.0 34.9168 0.0 70.0952 0.0 
34.9169 0.0 65.1952 0.0 34.9169 0.0 65.1952 0.0 
34.9235 0.0 64.9627 0.0 34.9235 0.0 64.9627 0.0 
34.9644 0.0 68.0106 0.0 34.9644 0.0 68.0106 0.0 
34.9989 0.0 70.4371 0.0 34.9989 0.0 70.4371 0.0 
35.0054 0.0 67.7539 0.0 35.0054 0.0 67.7539 0.0 
35.0167 0.0 69.3167 0.0 35.0167 0.0 69.3167 0.0 
35.021 0.0 71.3218 0.0 35.021 0.0 71.3218 0.0 
35.021 0.0 71.3218 0.0 35.021 0.0 71.3218 0.0 
35.021 0.0 71.3218 0.0 35.021 0.0 71.3218 0.0 
35.021 0.0 71.3218 0.0 35.021 0.0 71.3218 0.0 
35.0455 0.0 71.0251 0.0 35.0455 0.0 71.0251 0.0 
35.0867 0.0 67.9737 0.0 35.0867 0.0 67.9737 0.0 
35.0963 0.0 69.1577 0.0 35.0963 0.0 69.1577 0.0 
35.1219 0.0 65.0909 0.0 35.1219 0.0 65.0909 0.0 
35.1359 0.0 68.1954 0.0 35.1359 0.0 68.1954 0.0 
35.1828 0.0 67.8708 0.0 35.1828 0.0 67.8708 0.0 
35.188 0.0 67.6556 0.0 35.188 0.0 67.6556 0.0 
35.223 0.0 71.486 0.0 35.223 0.0 71.486 0.0 
35.2313 0.0 66.2962 0.0 35.2313 0.0 66.2962 0.0 
35.2351 0.0 69.175 0.0 35.2351 0.0 69.175 0.0 
35.2864 0.0 66.2288 0.0 35.2864 0.0 66.2288 0.0 
35.291 0.0 71.0596 0.0 35.291 0.0 71.0596 0.0 
35.3137 0.0 65.5105 0.0 35.3137 0.0 65.5105 0.0 
35.3241 0.0 65.6402 0.0 35.3241 0.0 65.6402 0.0 
35.3621 0.0 69.5213 0.0 35.3621 0.0 69.5213 0.0 
35.3886 0.0 66.4068 0.0 35.3886 0.0 66.4068 0.0 
35.3914 0.0 67.4181 0.0 35.3914 0.0 67.4181 0.0 
35.3968 0.0 68.6092 0.0 35.3968 0.0 68.6092 0.0 
35.3998 0.0 70.9468 0.0 35.3998 0.0 70.9468 0.0 
35.4059 0.0 71.3167 0.0 35.4059 0.0 71.3167 0.0 
35.4676 0.0 65.4897 0.0 35.4676 0.0 65.4897 0.0 
35.5299 0.0 67.5668 0.0 35.5299 0.0 67.5668 0.0 
35.558 0.0 68.41 0.0 35.558 0.0 68.41 0.0 
35.5669 0.0 71.219 0.0 35.5669 0.0 71.219 0.0 
35.5683 0.0 70.7832 0.0 35.5683 0.0 70.7832 0.0 
35.596 0.0 66.4791 0.0 35.596 0.0 66.4791 0.0 
35.597 0.0 68.654 0.0 35.597 0.0 68.654 0.0 
35.6111 0.0 67.9056 0.0 35.6111 0.0 67.9056 0.0 
35.6457 0.0 70.9719 0.0 35.6457 0.0 70.9719 0.0 
35.7149 0.0 69.3618 0.0 35.7149 0.0 69.3618 0.0 
35.7208 0.0 70.3598 0.0 35.7208 0.0 70.3598 0.0 
35.7356 0.0 68.9155 0.0 35.7356 0.0 68.9155 0.0 
35.7734 0.0 67.7459 0.0 35.7734 0.0 67.7459 0.0 
35.8206 0.0 66.5194 0.0 35.8206 0.0 66.5194 0.0 
35.8498 0.0 66.9188 0.0 35.8498 0.0 66.9188 0.0 
35.9068 0.0 64.6417 0.0 35.9068 0.0 64.6417 0.0 
35.9131 0.0 64.7866 0.0 35.9131 0.0 64.7866 0.0 
35.9181 0.0 67.9998 0.0 35.9181 0.0 67.9998 0.0 
35.9425 0.0 68.0155 0.0 35.9425 0.0 68.0155 0.0 
35.9481 0.0 68.6128 0.0 35.9481 0.0 68.6128 0.0 
35.9526 0.0 66.4488 0.0 35.9526 0.0 66.4488 0.0 
35.9747 0.0 69.2609 0.0 35.9747 0.0 69.2609 0.0 
35.9809 0.0 68.4485 0.0 35.9809 0.0 68.4485 0.0 
35.9938 0.0 65.9268 0.0 35.9938 0.0 65.9268 0.0 
36.0008 0.0 70.3364 0.0 36.0008 0.0 70.3364 0.0 
36.0314 0.0 64.355 0.0 36.0314 0.0 64.355 0.0 
36.0332 0.0 66.2829 0.0 36.0332 0.0 66.2829 0.0 
36.0539 0.0 69.89 0.0 36.0539 0.0 69.89 0.0 
36.0785 0.0 70.2668 0.0 36.0785 0.0 70.2668 0.0 
36.0818 0.0 69.0494 0.0 36.0818 0.0 69.0494 0.0 
36.1401 0.0 70.5931 0.0 36.1401 0.0 70.5931 0.0 
36.153 0.0 70.6693 0.0 36.153 0.0 70.6693 0.0 
36.3271 0.0 66.7135 0.0 36.3271 0.0 66.7135 0.0 
36.3333 0.0 71.101 0.0 36.3333 0.0 71.101 0.0 
36.3495 0.0 64.9076 0.0 36.3495 0.0 64.9076 0.0 
36.5184 0.0 67.6497 0.0 36.5184 0.0 67.6497 0.0 
36.5545 0.0 67.6988 0.0 36.5545 0.0 67.6988 0.0 
36.6141 0.0 69.8482 0.0 36.6141 0.0 69.8482 0.0 
36.6747 0.0 65.5282 0.0 36.6747 0.0 65.5282 0.0 
36.6881 0.0 69.5258 0.0 36.6881 0.0 69.5258 0.0 
36.738 0.0 66.8195 0.0 36.738 0.0 66.8195 0.0 
36.8501 0.0 66.7261 0.0 36.8501 0.0 66.7261 0.0 
36.9305 0.0 67.0205 0.0 36.9305 0.0 67.0205 0.0 
36.9702 0.0 73.1487 0.0 36.9702 0.0 73.1487 0.0 
36.988 0.0 66.148 0.0 36.988 0.0 66.148 0.0 
37.0614 0.0 69.5094 0.0 37.0614 0.0 69.5094 0.0 
37.0733 0.0 68.7496 0.0 37.0733 0.0 68.7496 0.0 
37.0951 0.0 69.2756 0.0 37.0951 0.0 69.2756 0.0 
37.1694 0.0 67.3158 0.0 37.1694 0.0 67.3158 0.0 
37.2112 0.0 71.4268 0.0 37.2112 0.0 71.4268 0.0 
37.3043 0.0 70.4587 0.0 37.3043 0.0 70.4587 0.0 
37.356 0.0 69.7282 0.0 37.356 0.0 69.7282 0.0 
37.3695 0.0 70.902 0.0 37.3695 0.0 70.902 0.0 
37.3814 0.0 70.1745 0.0 37.3814 0.0 70.1745 0.0 
37.4098 0.0 65.6968 0.0 37.4098 0.0 65.6968 0.0 
37.4505 0.0 69.945 0.0 37.4505 0.0 69.945 0.0 
37.4653 0.0 70.5961 0.0 37.4653 0.0 70.5961 0.0 
38.4086 0.0 71.0384 0.0 38.4086 0.0 71.0384 0.0 
38.429 0.0 70.9283 0.0 38.429 0.0 70.9283 0.0 
